2.500000000000000000e+01
5.000000000000000000e+01
7.500000000000000000e+01
1.000000000000000000e+02
1.250000000000000000e+02
1.500000000000000000e+02
1.750000000000000000e+02
2.000000000000000000e+02
2.250000000000000000e+02
2.500000000000000000e+02
2.750000000000000000e+02
3.000000000000000000e+02
3.250000000000000000e+02
3.500000000000000000e+02
3.750000000000000000e+02
4.000000000000000000e+02
4.250000000000000000e+02
4.500000000000000000e+02
4.750000000000000000e+02
5.000000000000000000e+02
5.250000000000000000e+02
5.500000000000000000e+02
5.750000000000000000e+02
6.000000000000000000e+02
6.250000000000000000e+02
6.500000000000000000e+02
6.750000000000000000e+02
7.000000000000000000e+02
7.250000000000000000e+02
