3.500000000000000000e+03
3.700000000000000000e+03
3.900000000000000000e+03
4.100000000000000000e+03
4.300000000000000000e+03
4.500000000000000000e+03
4.700000000000000000e+03
4.900000000000000000e+03
5.100000000000000000e+03
5.300000000000000000e+03
5.500000000000000000e+03
5.700000000000000000e+03
5.900000000000000000e+03
6.100000000000000000e+03
6.300000000000000000e+03
6.500000000000000000e+03
6.700000000000000000e+03
6.900000000000000000e+03
7.100000000000000000e+03
7.300000000000000000e+03
7.500000000000000000e+03
7.700000000000000000e+03
7.900000000000000000e+03
8.100000000000000000e+03
8.300000000000000000e+03
8.500000000000000000e+03
8.700000000000000000e+03
8.900000000000000000e+03
9.100000000000000000e+03
9.300000000000000000e+03
9.500000000000000000e+03
9.700000000000000000e+03
9.900000000000000000e+03
1.010000000000000000e+04
1.030000000000000000e+04
1.050000000000000000e+04
1.070000000000000000e+04
1.090000000000000000e+04
1.110000000000000000e+04
1.130000000000000000e+04
1.150000000000000000e+04
1.170000000000000000e+04
1.190000000000000000e+04
1.210000000000000000e+04
1.230000000000000000e+04
1.250000000000000000e+04
1.270000000000000000e+04
1.290000000000000000e+04
1.310000000000000000e+04
1.330000000000000000e+04
1.350000000000000000e+04
1.370000000000000000e+04
1.390000000000000000e+04
1.410000000000000000e+04
1.430000000000000000e+04
1.450000000000000000e+04
1.470000000000000000e+04
1.490000000000000000e+04
1.510000000000000000e+04
1.530000000000000000e+04
1.550000000000000000e+04
1.570000000000000000e+04
1.590000000000000000e+04
1.610000000000000000e+04
1.630000000000000000e+04
1.650000000000000000e+04
1.670000000000000000e+04
1.690000000000000000e+04
1.710000000000000000e+04
1.730000000000000000e+04
1.750000000000000000e+04
1.770000000000000000e+04
1.790000000000000000e+04
1.810000000000000000e+04
1.830000000000000000e+04
1.850000000000000000e+04
1.870000000000000000e+04
1.890000000000000000e+04
1.910000000000000000e+04
1.930000000000000000e+04
1.950000000000000000e+04
1.970000000000000000e+04
1.990000000000000000e+04
2.010000000000000000e+04
2.030000000000000000e+04
2.050000000000000000e+04
2.070000000000000000e+04
2.090000000000000000e+04
2.110000000000000000e+04
2.130000000000000000e+04
2.150000000000000000e+04
2.170000000000000000e+04
2.190000000000000000e+04
2.210000000000000000e+04
2.230000000000000000e+04
2.250000000000000000e+04
2.270000000000000000e+04
2.290000000000000000e+04
2.310000000000000000e+04
2.330000000000000000e+04
2.350000000000000000e+04
