1.050000000000000000e+04
1.100000000000000000e+04
1.150000000000000000e+04
1.200000000000000000e+04
1.250000000000000000e+04
1.300000000000000000e+04
1.350000000000000000e+04
1.400000000000000000e+04
1.450000000000000000e+04
1.500000000000000000e+04
1.550000000000000000e+04
1.600000000000000000e+04
1.650000000000000000e+04
1.700000000000000000e+04
1.750000000000000000e+04
1.800000000000000000e+04
1.850000000000000000e+04
1.900000000000000000e+04
1.950000000000000000e+04
2.000000000000000000e+04
2.050000000000000000e+04
2.100000000000000000e+04
2.150000000000000000e+04
2.200000000000000000e+04
2.250000000000000000e+04
2.300000000000000000e+04
2.350000000000000000e+04
2.400000000000000000e+04
2.450000000000000000e+04
2.500000000000000000e+04
2.550000000000000000e+04
2.600000000000000000e+04
2.650000000000000000e+04
2.700000000000000000e+04
2.750000000000000000e+04
2.800000000000000000e+04
2.850000000000000000e+04
2.900000000000000000e+04
2.950000000000000000e+04
3.000000000000000000e+04
3.050000000000000000e+04
3.100000000000000000e+04
3.150000000000000000e+04
3.200000000000000000e+04
3.250000000000000000e+04
3.300000000000000000e+04
3.350000000000000000e+04
3.400000000000000000e+04
3.450000000000000000e+04
3.500000000000000000e+04
3.550000000000000000e+04
3.600000000000000000e+04
3.650000000000000000e+04
3.700000000000000000e+04
3.750000000000000000e+04
3.800000000000000000e+04
3.850000000000000000e+04
3.900000000000000000e+04
3.950000000000000000e+04
4.000000000000000000e+04
4.050000000000000000e+04
4.100000000000000000e+04
4.150000000000000000e+04
4.200000000000000000e+04
4.250000000000000000e+04
4.300000000000000000e+04
4.350000000000000000e+04
4.400000000000000000e+04
4.450000000000000000e+04
4.500000000000000000e+04
4.550000000000000000e+04
4.600000000000000000e+04
4.650000000000000000e+04
4.700000000000000000e+04
4.750000000000000000e+04
4.800000000000000000e+04
4.850000000000000000e+04
4.900000000000000000e+04
4.950000000000000000e+04
5.000000000000000000e+04
5.050000000000000000e+04
5.100000000000000000e+04
5.150000000000000000e+04
5.200000000000000000e+04
5.250000000000000000e+04
5.300000000000000000e+04
5.350000000000000000e+04
5.400000000000000000e+04
5.450000000000000000e+04
5.500000000000000000e+04
5.550000000000000000e+04
