4.000000000000000000e+03
4.250000000000000000e+03
4.500000000000000000e+03
4.750000000000000000e+03
5.000000000000000000e+03
5.250000000000000000e+03
5.500000000000000000e+03
5.750000000000000000e+03
6.000000000000000000e+03
6.250000000000000000e+03
6.500000000000000000e+03
6.750000000000000000e+03
7.000000000000000000e+03
7.250000000000000000e+03
7.500000000000000000e+03
7.750000000000000000e+03
8.000000000000000000e+03
8.250000000000000000e+03
8.500000000000000000e+03
8.750000000000000000e+03
9.000000000000000000e+03
9.250000000000000000e+03
9.500000000000000000e+03
9.750000000000000000e+03
1.000000000000000000e+04
1.025000000000000000e+04
1.050000000000000000e+04
1.075000000000000000e+04
1.100000000000000000e+04
1.125000000000000000e+04
1.150000000000000000e+04
1.175000000000000000e+04
1.200000000000000000e+04
